ear00
100
110101010
10

2
4
5
1
2
4
5
10
1
2
4
5
10
1
2
4
5
10
1
2
4
5
10
1
2
4
5
1
2
4
5
1
2
4
5
6
7
8
9
110
11
12
13
14
15
16
17
18
19
210
21
22
23
24
25
26
27
28
29

p
10
10
10
10
10
10
10
10
10
10
10
10
1
2
4
5
1
2
4
5
1
1
2
4
5
1
2
4
5
1
2
1
2
4
5
1
2
4
5
1
1
2
4
5
1
2
4
5
1
2
1
2
4
5
1
2
4
5
1
1
2
4
5
1
2
4
5
1
2
1
2
4
5
1
2
4
5
1
1
2
4
5
1
2
4
5
1
2
1
2
4
5
1
2
4
5
1
1
2
4
5
1
2
4
5
1
2
1
2
4
5
1
2
4
5
1
1
2
4
5
1
2
4
5
1
2
1
2
4
5
1
2
4
5
1
1
2
4
5
1
2
4
5
1
2
1
2
4
5
1
2
4
5
1
1
2
4
5
1
2
4
5
1
2
4
5
1
2
4
5
